1:33,80,31,46,38,51
2:46,44,23,63,27
3:20,64,43,26,42,32,15
4:36,76,65,13,25,49
5:55,60,66,19
6:14,18,71,40,68,42,26
7:48,15,32,42,70,33
8:53,75,25
9:35,48,20,45
10:35,17,16,43,45
11:16,43,54,14,26
12:49,24,25,62,23,21
13:65,49,56,4
14:81,54,11,26,6,18,67,78
15:32,20,7,3
16:10,43,11,54,77,41
17:59,22,10
18:37,78,14,6,19,71
19:18,37,57,55,5,66,71
20:9,64,45,3,15,48
21:63,2,44,23,12,49,72,47
22:17,39,59
23:24,44,21,12,62
24:62,69,29,58,25,23,28,12
25:24,4,49,12,24,69,53,8,75,36
26:6,3,42,43,11,14
27:79,31,80,46,2,63
28:52,58,24,29,61
29:28,24,61,69
30:65,73
31:1,80,27
32:3,15,7,42
33:7,70,42,51,1
34:41,59
35:10,45,9
36:75,4,25,76
37:74,78,18,19,57
38:50,66,58,46,1,51
39:59,22
40:6,71,66,50,68
41:34,77,16,54
42:6,26,3,32,7,70,33,51,68
43:10,16,11,26,3,64,45
44:58,24,23,21,2,46
45:35,10,43,64,20,9
46:38,58,44,2,27,80,1
47:63,21,72,73,56
48:9,7,15,20
49:25,12,72,13,4
50:40,68,51,38,66
51:50,68,42,33,1,38
52:55,60,58,28
53:61,69,25,8
54:41,16,11,14,81
55:57,19,5,60,52
56:47,73,65,13,72
57:37,19,55
58:24,28,52,60,66,38,46,44
59:22,39,34,17
60:5,55,52,58,66
61:28,29,69,53
62:24,23,12
63:27,2,21,47
64:45,43,3,20
65:4,13,56,73,30
66:71,40,50,38,60,5,19
67:81,74,14,78
68:42,6,40,50,51
69:29,24,25,53,61
70:7,42,33
71:18,19,66,40,6
72:49,13,56,47,21
73:47,56,65,30
74:67,78,37
75:8,25,36
76:36,4
77:16,41
78:67,74,37,18,14
79:27
80:1,46,27,31
81:54,14,67